['1', '10', '100', '250', '500', '1000', '1500', '2000', '2500', '3000', '3500', '4000', '4500', '5000', '5500', '6000', '6500', '7000', '7500', '8000', '8500', '9000', '9500', '10000']
Train: [0.49642857142857144, 0.33348214285714284, 0.13035714285714287, 0.07366071428571429, 0.039285714285714285, 0.013392857142857142, 0.005803571428571429, 0.0035714285714285713, 0.0035714285714285713, 0.002232142857142857, 0.0013392857142857143, 0.0008928571428571428, 0.0, 0.0, 0.0, 0.0, 0.0, 0.0, 0.0, 0.0, 0.0, 0.0, 0.0, 0.0]
Valid: [0.6153846153846154, 0.5592515592515592, 0.5446985446985447, 0.5467775467775468, 0.5322245322245323, 0.5467775467775468, 0.5446985446985447, 0.5467775467775468, 0.5488565488565489, 0.5467775467775468, 0.5550935550935551, 0.5550935550935551, 0.5509355509355509, 0.553014553014553, 0.5550935550935551, 0.5571725571725572, 0.5571725571725572, 0.5571725571725572, 0.5571725571725572, 0.5571725571725572, 0.5571725571725572, 0.5571725571725572, 0.5571725571725572, 0.5571725571725572]