['1', '10', '100', '250', '500', '1000', '1500', '2000', '2500', '3000', '3500', '4000', '4500', '5000', '5500', '6000', '6500', '7000', '7500', '8000', '8500', '9000', '9500', '10000']
Train: [0.5870535714285714, 0.5120535714285714, 0.3950892857142857, 0.33303571428571427, 0.2870535714285714, 0.24196428571428572, 0.20848214285714287, 0.18571428571428572, 0.16964285714285715, 0.1611607142857143, 0.15223214285714284, 0.14732142857142858, 0.1419642857142857, 0.13616071428571427, 0.12544642857142857, 0.12008928571428572, 0.11696428571428572, 0.11428571428571428, 0.11205357142857143, 0.10758928571428572, 0.10178571428571428, 0.09821428571428571, 0.096875, 0.09241071428571429]
Validate: [0.6611226611226612, 0.6382536382536382, 0.6611226611226612, 0.6632016632016632, 0.6735966735966736, 0.6735966735966736, 0.6735966735966736, 0.6860706860706861, 0.6985446985446986, 0.6902286902286903, 0.6964656964656964, 0.6964656964656964, 0.6902286902286903, 0.6943866943866944, 0.6943866943866944, 0.6923076923076923, 0.6964656964656964, 0.6923076923076923, 0.7027027027027027, 0.7006237006237006, 0.6985446985446986, 0.7089397089397089, 0.7130977130977131, 0.7089397089397089]