['1', '10', '100', '250', '500', '1000', '1500', '2000', '2500', '3000', '3500', '4000', '4500', '5000', '5500', '6000', '6500', '7000', '7500', '8000', '8500', '9000', '9500', '10000']
Train: [0.6352678571428572, 0.5669642857142857, 0.440625, 0.37991071428571427, 0.340625, 0.278125, 0.2450892857142857, 0.22544642857142858, 0.2125, 0.1982142857142857, 0.184375, 0.17232142857142857, 0.16785714285714284, 0.159375, 0.15401785714285715, 0.14732142857142858, 0.1419642857142857, 0.13705357142857144, 0.13482142857142856, 0.13125, 0.12857142857142856, 0.12232142857142857, 0.11741071428571428, 0.11026785714285714]
Valid: [0.7068607068607069, 0.6985446985446986, 0.7047817047817048, 0.7027027027027027, 0.7047817047817048, 0.7068607068607069, 0.7172557172557172, 0.7172557172557172, 0.7130977130977131, 0.7172557172557172, 0.7151767151767152, 0.7089397089397089, 0.7130977130977131, 0.7214137214137214, 0.7234927234927235, 0.7255717255717256, 0.7318087318087318, 0.7276507276507277, 0.7255717255717256, 0.7318087318087318, 0.7318087318087318, 0.735966735966736, 0.7297297297297297, 0.7318087318087318]